     0/199     7.49G    0.0825   0.01985   0.05849    0.1608        56       640         0         0         0         0    0.1182   0.02051   0.06382
     1/199     7.46G   0.07743   0.01929   0.05776    0.1545        39       640 0.0009827    0.0119  0.000522  5.22e-05    0.1047   0.02015   0.06259
     2/199     7.46G   0.07199   0.01754   0.05657    0.1461        24       640 0.0001175    0.0119 6.567e-05 1.313e-05   0.09818     0.019    0.0608
     3/199     7.46G   0.06703   0.01812   0.05599    0.1411        44       640  0.001621   0.09226  0.003278 0.0004685   0.09311   0.01794   0.05941
     4/199     7.46G   0.06396   0.01861   0.05443     0.137        36       640    0.3978   0.01154  0.006279  0.001902   0.08318   0.01836   0.05769
     5/199     7.46G   0.06259   0.01794    0.0537    0.1342        55       640   0.05126   0.05357   0.01337  0.008253   0.08061   0.01851   0.05709
     6/199     7.46G   0.05684   0.01813   0.05199     0.127        31       640    0.7975   0.02276   0.02505  0.007884   0.07537   0.01845   0.05662
     7/199     7.46G   0.05543   0.01881   0.05095    0.1252        42       640    0.5601   0.05952   0.05618    0.0195   0.06917   0.01835   0.05578
     8/199     7.46G     0.052    0.0172   0.04967    0.1189        53       640    0.7472   0.06548   0.07852   0.03536   0.06838   0.01664   0.05467
     9/199     7.46G   0.04977   0.01736    0.0485    0.1156        37       640    0.7876    0.0806   0.07829   0.03109   0.06142   0.01703    0.0541
    10/199     7.46G   0.05037   0.01742   0.04794    0.1157        23       640    0.8718   0.07587   0.08577   0.03555   0.06026   0.01551   0.05328
    11/199     7.46G   0.04664   0.01791   0.04651    0.1111        46       640    0.8812   0.07987   0.09991   0.04103   0.05909    0.0145   0.05303
    12/199     7.46G   0.04644   0.01736   0.04739    0.1112        36       640    0.1118    0.4369    0.1182    0.0274   0.05873   0.01346   0.05274
    13/199     7.46G   0.04706   0.01645   0.04649      0.11        59       640    0.9888   0.05915    0.1536   0.07333   0.05455   0.01289   0.05209
    14/199     7.46G   0.04431    0.0155   0.04511    0.1049        60       640    0.6115    0.2364    0.2184   0.08136   0.05337   0.01246   0.05096
    15/199     7.46G   0.04615   0.01478   0.04598    0.1069        32       640    0.8302    0.1412    0.1572   0.05424   0.07015   0.01091   0.05004
    16/199     7.46G   0.04861   0.01497   0.04533    0.1089        39       640    0.8254     0.119    0.1872   0.08404   0.05682   0.01303   0.04962
    17/199     7.46G   0.04519   0.01513    0.0446    0.1049        47       640    0.7574    0.1607    0.2577    0.1424   0.05475   0.01239   0.04906
    18/199     7.46G   0.04452   0.01509   0.04501    0.1046        31       640    0.4188    0.3215    0.2126    0.1081   0.05736   0.01179   0.04869
    19/199     7.46G   0.04673   0.01443   0.04497    0.1061        31       640    0.4931    0.3423    0.2115    0.1096   0.06722    0.0105   0.04761
    20/199     7.46G   0.05173   0.01334   0.04324    0.1083        65       640    0.5167    0.3179    0.2785     0.155   0.06258   0.01134   0.04676
    21/199     7.46G   0.04891    0.0122   0.04313    0.1042        52       640    0.7092    0.1971    0.2835    0.1388   0.06268    0.0111   0.04679
    22/199     7.46G   0.04509   0.01587   0.04452    0.1055        40       640    0.5118    0.2917    0.2435    0.1147   0.06336   0.01087   0.04691
    23/199     7.46G   0.04341   0.01499   0.04281    0.1012        58       640    0.2538    0.4345    0.2309     0.126   0.05598   0.01018    0.0468
    24/199     7.46G   0.04589   0.01455   0.04339    0.1038        42       640     0.201    0.4999    0.2885    0.1478    0.0568   0.01107   0.04657
    25/199     7.46G   0.04207   0.01562   0.04171    0.0994        59       640    0.8091    0.2299    0.2901    0.1563   0.05542   0.01103   0.04657
    26/199     7.46G     0.043    0.0137    0.0421    0.0988        32       640    0.7695    0.3065    0.3259    0.1675   0.06673  0.009257   0.04589
    27/199     7.46G   0.04872   0.01178   0.04236    0.1029        34       640    0.8324    0.2338    0.3121    0.1593   0.06957  0.009516   0.04506
    28/199     7.46G    0.0442   0.01404   0.04174   0.09998        61       640    0.8392    0.1951    0.2961    0.1792   0.06578  0.009842   0.04514
    29/199     7.46G   0.04606   0.01169   0.04267    0.1004        45       640    0.7047    0.2352    0.2868    0.1598   0.07282   0.01003   0.04446
    30/199     7.46G   0.04539   0.01334   0.04211    0.1008        47       640    0.7064     0.256    0.3333    0.2085   0.07051   0.01009   0.04424
    31/199     7.46G   0.04542   0.01312   0.04264    0.1012        19       640    0.6571    0.3452    0.3533    0.2053   0.06555   0.01072   0.04396
    32/199     7.46G   0.04194   0.01422   0.04116   0.09731        48       640    0.7603    0.3062    0.3929    0.2332    0.0544   0.01111   0.04431
    33/199     7.46G   0.04258   0.01543   0.04037   0.09838        21       640    0.6467    0.2877    0.3486    0.2003   0.05673   0.01012   0.04388
    34/199     7.46G   0.04161   0.01319   0.03943   0.09423        33       640     0.801    0.2887    0.4038    0.2619   0.05959  0.009233    0.0438
    35/199     7.46G   0.04139   0.01234   0.04009   0.09383        47       640     0.687    0.4405    0.4637    0.2815   0.05618   0.01004   0.04304
    36/199     7.46G   0.04429   0.01281   0.03891     0.096        30       640    0.8329     0.247    0.3537     0.206   0.06035   0.01014    0.0426
    37/199     7.46G   0.04127   0.01568   0.03865    0.0956        52       640    0.7606    0.3274    0.4033    0.2683   0.06666  0.008582   0.04185
    38/199     7.46G   0.04316   0.01242   0.03848   0.09406        43       640    0.9154    0.2441    0.3851    0.2272   0.06918  0.008139   0.04127
    39/199     7.46G   0.04461   0.01181   0.03889   0.09531        27       640    0.7531    0.3462    0.3915    0.2088   0.07139  0.008116    0.0406
    40/199     7.46G   0.04863   0.01175   0.03804   0.09843        57       640    0.7467    0.3682    0.4103    0.2541    0.0682  0.008936   0.04006
    41/199     7.46G   0.03732   0.01263   0.03706   0.08701        51       640    0.6963    0.4095    0.4321    0.2725    0.0655  0.008512   0.03968
    42/199     7.46G   0.04108   0.01096   0.03603   0.08807        30       640    0.9008    0.2663    0.3977    0.2487   0.05891  0.009038   0.03924
    43/199     7.46G   0.03839   0.01253   0.03775   0.08867        31       640     0.832    0.3755    0.4491    0.2589   0.06072  0.008303   0.03903
    44/199     7.46G   0.03802   0.01218   0.03739    0.0876        20       640    0.8012    0.3821    0.4956    0.2968   0.05808  0.008485   0.03916
    45/199     7.46G   0.03787   0.01396   0.03544   0.08727        32       640    0.8339    0.3719    0.5242    0.3309   0.05605  0.008726   0.03882
    46/199     7.46G   0.03857   0.01308   0.03524   0.08689        24       640    0.8447    0.3929    0.5315    0.2773   0.05968  0.008131   0.03833
    47/199     7.46G   0.04194   0.01229   0.03482   0.08905        46       640    0.8935    0.3497    0.5302    0.2519   0.05765  0.008359   0.03793
    48/199     7.46G   0.04164   0.01153   0.03403    0.0872        32       640    0.9175    0.3391    0.5206    0.3335   0.04933  0.008822   0.03736
    49/199     7.46G   0.03484   0.01332   0.03546   0.08362        30       640    0.9051    0.3974    0.5374     0.358    0.0496  0.008127   0.03644
    50/199     7.46G   0.03539   0.01293   0.03342   0.08175        55       640    0.8955    0.3939    0.5259    0.3322   0.05004  0.008183    0.0356
    51/199     7.46G   0.03654   0.01433   0.03233    0.0832        87       640    0.7405    0.4496    0.5555    0.4038   0.05189  0.008069   0.03485
    52/199     7.46G   0.03531   0.01484   0.03327   0.08342        31       640    0.7382    0.4724    0.5527    0.3858   0.04843  0.008055   0.03479
    53/199     7.46G   0.03621   0.01351   0.03327     0.083        32       640    0.8174    0.4727    0.5812    0.3876   0.04448  0.008621   0.03446
    54/199     7.46G   0.03713   0.01408   0.03088   0.08209        48       640    0.8558    0.4434    0.5882    0.3786   0.04353  0.008909   0.03408
    55/199     7.46G   0.03436   0.01369   0.03237   0.08042        64       640    0.8754     0.434    0.6107    0.3916   0.03969  0.009272   0.03409
    56/199     7.46G   0.03271   0.01382   0.03024   0.07677        21       640    0.8297    0.4494    0.6101    0.4073   0.04033  0.008369   0.03423
    57/199     7.46G   0.03576   0.01341   0.03103    0.0802        12       640    0.8388    0.4644     0.612    0.3699   0.04304  0.008029   0.03382
    58/199     7.46G   0.03485   0.01362   0.03096   0.07943        38       640    0.8514    0.4689    0.6079    0.3919   0.04486  0.008273   0.03409
    59/199     7.46G    0.0347   0.01516   0.03032   0.08019        46       640    0.8618    0.4587    0.5776    0.3428   0.04243  0.008414   0.03386
    60/199     7.46G   0.03474   0.01309   0.02979   0.07762        33       640    0.8689     0.388    0.5254    0.3324   0.04344  0.008411   0.03294
    61/199     7.46G   0.03421   0.01251   0.02886   0.07558        28       640    0.8524    0.4195    0.5666     0.368     0.044  0.008457   0.03193
    62/199     7.46G   0.03386   0.01362   0.02907   0.07655        24       640    0.8074    0.4716    0.5876     0.428    0.0449  0.008201   0.03115
    63/199     7.46G    0.0355   0.01117   0.02805   0.07472        35       640    0.8219    0.4732      0.62    0.4181   0.04497  0.008644   0.03075
    64/199     7.46G   0.03146   0.01269   0.02695   0.07109        45       640    0.7027    0.5827    0.6235    0.4392   0.04517  0.008298    0.0298
    65/199     7.46G    0.0303   0.01288   0.02728   0.07045        54       640    0.7785    0.5643    0.6188    0.5219   0.03956  0.007881   0.02926
    66/199     7.46G   0.03066   0.01364   0.02723   0.07152        33       640    0.8673    0.5474    0.6559    0.4838   0.04283  0.007692   0.02752
    67/199     7.46G   0.02898   0.01378   0.02601   0.06877        79       640    0.8798    0.5811    0.6958    0.5169   0.03888  0.007805   0.02646
    68/199     7.46G   0.03118   0.01237   0.02549   0.06904        28       640    0.8065    0.5985    0.6852    0.4738   0.03764  0.007628   0.02545
    69/199     7.46G   0.03055    0.0122   0.02432   0.06707        25       640    0.8665    0.5982    0.6773    0.4886   0.03954  0.007522   0.02504
    70/199     7.46G   0.03332   0.01171   0.02419   0.06922        26       640    0.8713    0.5849    0.6951    0.4496   0.03877   0.00769   0.02581
    71/199     7.46G   0.02986   0.01158   0.02386    0.0653        21       640    0.9087    0.5688    0.6889    0.4998   0.03716  0.007751   0.02633
    72/199     7.46G   0.02767    0.0137   0.02283   0.06421        24       640    0.9047    0.5617    0.6649    0.4862   0.03668  0.007604   0.02628
    73/199     7.46G   0.02766    0.0132   0.02398   0.06484        25       640    0.9518    0.5615    0.7496    0.5651   0.03365  0.007642   0.02613
    74/199     7.46G    0.0259    0.0122    0.0209     0.059        29       640    0.9705    0.5415    0.7659      0.53   0.03332   0.00776   0.02595
    75/199     7.46G   0.02685   0.01421   0.02157   0.06263        36       640    0.9664    0.5385    0.7659    0.6009   0.03232  0.007279    0.0254
    76/199     7.46G   0.02718   0.01147   0.02135   0.06001        19       640    0.9599    0.5401    0.7596    0.5843   0.03285  0.007128   0.02492
    77/199     7.46G   0.02793   0.01538   0.02051   0.06382        39       640    0.8915    0.5874    0.7474    0.5868   0.02897  0.007398   0.02455
    78/199     7.46G   0.02478    0.0134   0.01906   0.05724        48       640    0.8996    0.6011     0.741    0.5772   0.02667  0.007505   0.02419
    79/199     7.46G   0.02336   0.01242   0.01895   0.05473        22       640    0.9486    0.5699    0.7493    0.5924   0.02626  0.007338   0.02393
    80/199     7.46G    0.0232   0.01221    0.0186   0.05401        42       640     0.929     0.586    0.7381    0.5929   0.02479  0.007413   0.02358
    81/199     7.46G    0.0244   0.01043   0.01988   0.05471        50       640    0.9425    0.5881    0.7576    0.5921   0.02502   0.00764   0.02325
    82/199     7.46G   0.02346   0.01204   0.01803   0.05353        39       640    0.9714    0.5553     0.799    0.6485   0.02213  0.007536    0.0229
    83/199     7.46G   0.02369   0.01266   0.01839   0.05474        66       640    0.9593     0.565    0.7902    0.6595   0.02381  0.007293   0.02246
    84/199     7.46G   0.02366   0.01228   0.01827   0.05421        38       640    0.9555    0.5802    0.8126    0.6849   0.02441   0.00722   0.02216
    85/199     7.46G   0.02145   0.01082   0.01682    0.0491         7       640    0.9099     0.625    0.8559    0.7479   0.02286  0.007282    0.0213
    86/199     7.46G   0.02281   0.01213   0.01627   0.05121        36       640    0.9059     0.625    0.9092    0.7845    0.0235  0.007337   0.02063
    87/199     7.46G   0.02269    0.0129    0.0151   0.05069        52       640    0.7664      0.75    0.8865    0.7487   0.02323  0.007371   0.01985
    88/199     7.46G    0.0229   0.01281    0.0156   0.05131        67       640    0.7882      0.75    0.8624    0.7467    0.0212  0.007666   0.01963
    89/199     7.46G   0.02261   0.01224   0.01663   0.05148        40       640    0.7871      0.75    0.8917     0.745   0.02344  0.007611   0.01942
    90/199     7.46G   0.02239   0.01089   0.01458   0.04786        27       640    0.6917    0.8214    0.9027    0.7663   0.02333  0.007631   0.01907
    91/199     7.46G   0.02245   0.01179   0.01516    0.0494        53       640     0.728    0.8214    0.9268    0.7724   0.02421   0.00772   0.01865
    92/199     7.46G   0.02275   0.01014   0.01479   0.04768        33       640    0.7855    0.8214    0.9134     0.798    0.0219  0.007649   0.01836
    93/199     7.46G      0.02   0.01337   0.01358   0.04695        49       640    0.8006    0.8214    0.9152    0.7924   0.02064  0.007599   0.01819
    94/199     7.46G   0.02155    0.0112   0.01424   0.04699        58       640    0.7569     0.852    0.9074    0.7774   0.02158  0.007522   0.01775
    95/199     7.46G    0.0212   0.01086   0.01376   0.04582        28       640    0.7259    0.8571    0.9173    0.7814     0.023  0.007444    0.0175
    96/199     7.46G    0.0213   0.01222   0.01377    0.0473        47       640    0.7209    0.8571    0.9193    0.8131   0.02263  0.007415   0.01734
    97/199     7.46G   0.01934   0.01057   0.01221   0.04212        24       640    0.7235    0.8209    0.8944    0.7565   0.02574  0.007278   0.01707
    98/199     7.46G   0.02119   0.01132   0.01235   0.04486        24       640    0.8263    0.8214      0.93     0.768   0.02352  0.007345   0.01645
    99/199     7.46G   0.02033   0.01137    0.0123     0.044        37       640    0.8561    0.8199    0.9477    0.7307   0.02594   0.00735   0.01603
   100/199     7.46G   0.02133   0.01093   0.01134    0.0436        65       640    0.8432    0.8207    0.9478    0.8061   0.02061   0.00743   0.01575
   101/199     7.46G   0.02158   0.01085   0.01195   0.04439        26       640    0.8761    0.8196    0.9359    0.8131   0.02182  0.007461   0.01543
   102/199     7.46G   0.01937   0.01045    0.0114   0.04122        26       640    0.9054    0.8189    0.9537     0.852   0.02095  0.007534   0.01521
   103/199     7.46G   0.01908   0.01136   0.01055   0.04099        42       640    0.9045    0.8214    0.9714    0.8585   0.01997  0.007579   0.01501
   104/199     7.46G   0.01949   0.01118   0.01075   0.04142        45       640    0.9198    0.7855    0.9715    0.8713   0.01935  0.007585   0.01481
   105/199     7.46G     0.021   0.01017   0.01146   0.04262        58       640     0.798    0.8929    0.9715    0.8603   0.02092  0.007666   0.01469
   106/199     7.46G   0.01991   0.01148   0.01008   0.04147        34       640     0.801    0.8929    0.9715    0.8502   0.02034   0.00763   0.01471
   107/199     7.46G   0.01937   0.01142  0.009866   0.04066        37       640    0.8054    0.8929    0.9715    0.8607   0.01992   0.00758   0.01474
   108/199     7.46G   0.01977    0.0123  0.009982   0.04206        43       640    0.8038    0.8929    0.9715    0.8702    0.0197  0.007344   0.01492
   109/199     7.46G   0.01997   0.01131   0.01038   0.04167        40       640    0.7938    0.8929    0.9774    0.8654   0.02111   0.00741   0.01492
   110/199     7.46G   0.01881   0.01103  0.008916   0.03875        37       640    0.7959    0.8929    0.9774    0.8646   0.02027   0.00753   0.01482
   111/199     7.46G    0.0183   0.01172  0.009172   0.03919        50       640    0.8157    0.8929    0.9774    0.8652   0.01956  0.007469   0.01463
   112/199     7.46G   0.01842   0.01004  0.009251   0.03771        45       640    0.8318    0.8929    0.9774    0.8813   0.01826  0.007503    0.0145
   113/199     7.46G   0.01714   0.01009  0.009086   0.03632        22       640    0.8236    0.8929    0.9774    0.8694   0.01865  0.007404   0.01437
   114/199     7.46G   0.01806    0.0115  0.008569   0.03813        64       640    0.8692    0.8571    0.9774    0.8851   0.01838  0.007406   0.01415
   115/199     7.46G   0.01801   0.01064  0.008688   0.03734        36       640    0.8774    0.8571    0.9952    0.8789   0.01824  0.007409   0.01381
   116/199     7.46G   0.01768   0.01072  0.009403   0.03781        34       640    0.8359    0.8929    0.9952    0.8678    0.0182  0.007371   0.01361
   117/199     7.46G   0.01697   0.01116  0.008613   0.03675        36       640    0.8602    0.8929    0.9952    0.8933   0.01654  0.007461   0.01334
   118/199     7.46G   0.01681   0.01094   0.00804    0.0358        36       640    0.8572    0.8929    0.9952    0.8815   0.01856  0.007574   0.01316
   119/199     7.46G   0.01835   0.00998  0.008477    0.0368        44       640    0.8514    0.8929    0.9952    0.8901   0.01845  0.007663   0.01293
   120/199     7.46G   0.01793  0.009283  0.008256   0.03547        62       640    0.8766    0.8929    0.9952    0.8923   0.01816  0.007789   0.01276
   121/199     7.46G   0.01819   0.01065  0.008401   0.03725        57       640    0.8829    0.8929    0.9952    0.8889   0.01774  0.007807   0.01255
   122/199     7.46G   0.01778   0.01011   0.00797   0.03586        27       640     0.842    0.9286    0.9774    0.8799   0.01732  0.007842   0.01237
   123/199     7.46G   0.01828   0.01043  0.007679   0.03638        37       640    0.8442    0.9286    0.9952    0.8658   0.01896   0.00771   0.01218
   124/199     7.46G   0.01808   0.01045   0.00748   0.03601        51       640    0.8636    0.9286    0.9952      0.91   0.01708  0.007668     0.012
   125/199     7.46G   0.01756  0.009843  0.007372   0.03477        68       640    0.8582    0.9286    0.9952    0.8947   0.01819  0.007678   0.01187
   126/199     7.46G    0.0175  0.009242  0.006712   0.03345        56       640    0.8518    0.9286    0.9952    0.9009   0.01818  0.007986   0.01176
   127/199     7.46G   0.01707  0.009529  0.007272   0.03387        28       640    0.8519    0.9286    0.9952    0.8919   0.01771  0.008157   0.01168
   128/199     7.46G   0.01645   0.00929  0.006762    0.0325        32       640    0.7516         1    0.9952    0.9055   0.01731  0.008248   0.01159
   129/199     7.46G   0.01633  0.009591  0.007571   0.03349        28       640    0.7656         1    0.9952    0.9009   0.01607  0.008304   0.01149
   130/199     7.46G   0.01609   0.01001  0.006192   0.03229        41       640    0.7718         1    0.9952    0.9055   0.01687  0.008231   0.01139
   131/199     7.46G   0.01633  0.008001  0.005827   0.03016        32       640    0.7642         1    0.9774      0.89   0.01633  0.008039   0.01124
   132/199     7.46G   0.01509  0.009697  0.006116    0.0309        40       640    0.8758    0.9286    0.9774     0.899   0.01594  0.007985   0.01114
   133/199     7.46G   0.01555    0.0097  0.005724   0.03097        36       640    0.8939    0.9286    0.9952    0.8764   0.01829   0.00799     0.011
   134/199     7.46G   0.01587  0.009051  0.005719   0.03064        54       640    0.7887         1    0.9952    0.9067    0.0164   0.00812    0.0109
   135/199     7.46G   0.01647  0.009199   0.00735   0.03302        40       640    0.8031         1    0.9952    0.9147   0.01668  0.008115    0.0108
   136/199     7.46G   0.01654  0.009154  0.006194   0.03189        22       640    0.8551    0.9643    0.9952    0.9109   0.01729   0.00809   0.01071
   137/199     7.46G   0.01678   0.01007  0.005532   0.03239        41       640    0.8636    0.9643    0.9952    0.9383   0.01635  0.008057   0.01066
   138/199     7.46G    0.0157  0.009505   0.00631   0.03152        46       640    0.8662    0.9643    0.9952    0.9399   0.01589  0.008048   0.01059
   139/199     7.46G    0.0158  0.008312  0.005638   0.02975        25       640    0.8392    0.9643    0.9952     0.892   0.01543  0.008044   0.01054
   140/199     7.46G   0.01758  0.008875  0.005931   0.03238        20       640    0.8951    0.9286    0.9952    0.9117   0.01542  0.008014   0.01042
   141/199     7.46G   0.01509   0.01015  0.005585   0.03083        65       640    0.8989    0.9286    0.9952    0.9364   0.01475   0.00795   0.01034
   142/199     7.46G   0.01522  0.008623  0.005805   0.02965        26       640    0.9044    0.9286    0.9952    0.9281    0.0147  0.007952   0.01028
   143/199     7.46G   0.01418  0.008949  0.005963    0.0291        40       640    0.8076         1    0.9952    0.9375    0.0139  0.007952   0.01019
   144/199     7.46G    0.0138   0.01008  0.005451   0.02932        57       640    0.8175         1    0.9952    0.9443   0.01373  0.008053   0.01014
   145/199     7.46G   0.01393  0.009848   0.00526   0.02904        62       640    0.8199         1    0.9952    0.9556   0.01348  0.008072   0.01009
   146/199     7.46G   0.01407  0.009636  0.005366   0.02907        65       640    0.8933    0.9643    0.9952    0.9513   0.01411  0.008018   0.01005
   147/199     7.46G   0.01516  0.007857  0.005465   0.02848        31       640    0.9007    0.9643    0.9952    0.9279   0.01506  0.008119  0.009994
   148/199     7.46G   0.01483  0.009406  0.005647   0.02989        31       640    0.9067    0.9643    0.9952    0.9292   0.01418  0.008085  0.009978
   149/199     7.46G   0.01357  0.008881  0.004944    0.0274        32       640    0.9099    0.9643    0.9952    0.9329   0.01394  0.007998   0.00997
   150/199     7.46G   0.01431  0.008665    0.0051   0.02807        23       640    0.9132    0.9643    0.9952    0.9523   0.01413  0.007941  0.009927
   151/199     7.46G   0.01401   0.00933  0.004727   0.02807        62       640    0.9131    0.9643    0.9952    0.9442   0.01377     0.008  0.009866
   152/199     7.46G   0.01422  0.007257  0.004617    0.0261        27       640     0.848         1    0.9952    0.9431   0.01436  0.008032  0.009805
   153/199     7.46G   0.01375  0.008303  0.004932   0.02698        22       640     0.851         1    0.9952    0.9545   0.01441  0.008125  0.009758
   154/199     7.46G   0.01396  0.008511  0.004397   0.02687        62       640    0.8541         1    0.9952    0.9464   0.01454  0.008292  0.009693
   155/199     7.46G   0.01454  0.008911  0.004961   0.02841        24       640    0.8535         1    0.9952    0.9289   0.01487  0.008343  0.009638
   156/199     7.46G   0.01445  0.008685  0.004304   0.02744        24       640    0.8504         1    0.9952    0.9343   0.01441  0.008347  0.009605
   157/199     7.46G   0.01413   0.00812  0.004447    0.0267        47       640     0.851         1    0.9952    0.9392   0.01446   0.00837  0.009536
   158/199     7.46G   0.01242  0.007345  0.004316   0.02408        37       640    0.8552         1    0.9952    0.9384   0.01447  0.008344  0.009498
   159/199     7.46G   0.01212  0.007514  0.003991   0.02363        33       640    0.8548         1    0.9952    0.9571   0.01482  0.008371  0.009464
   160/199     7.46G   0.01383  0.008043  0.003903   0.02578        45       640    0.8565         1    0.9952    0.9414   0.01432  0.008352  0.009433
   161/199     7.46G   0.01375  0.007297  0.004466   0.02552        48       640    0.8501         1    0.9952    0.9407   0.01428  0.008401   0.00938
   162/199     7.46G   0.01366  0.008963  0.004194   0.02682        43       640    0.8541         1    0.9952    0.9379   0.01371  0.008433  0.009347
   163/199     7.46G   0.01265   0.00846   0.00394   0.02505        30       640    0.8512         1    0.9952    0.9467   0.01318  0.008471  0.009328
   164/199     7.46G   0.01277  0.007843  0.003814   0.02443        39       640    0.8505         1    0.9952    0.9541   0.01275  0.008603  0.009296
   165/199     7.46G   0.01324  0.008927  0.004315   0.02648        46       640    0.8517         1    0.9952    0.9592   0.01138  0.008793  0.009281
   166/199     7.46G   0.01276  0.008951   0.00428   0.02599        27       640    0.8493         1    0.9952    0.9604   0.01134  0.008886  0.009261
   167/199     7.46G   0.01372  0.007916  0.004654   0.02629        55       640    0.9154    0.9643    0.9952    0.9645   0.01197  0.008842  0.009245
   168/199     7.46G   0.01225  0.007567  0.004012   0.02382        44       640    0.9169    0.9643    0.9952    0.9699   0.01163  0.008917  0.009235
   169/199     7.46G   0.01325  0.008708  0.004749   0.02671        27       640     0.914    0.9643    0.9952    0.9603   0.01187  0.008862   0.00921
   170/199     7.46G   0.01184  0.007532  0.003426   0.02279        48       640    0.9161    0.9643    0.9952    0.9621   0.01226  0.008835  0.009178
   171/199     7.46G   0.01305  0.007642  0.004249   0.02494        25       640    0.9218    0.9643    0.9952    0.9623   0.01262  0.008746  0.009157
   172/199     7.46G   0.01301  0.008441  0.004638   0.02609        50       640    0.9279    0.9643    0.9952    0.9595   0.01225  0.008802  0.009121
   173/199     7.46G   0.01165  0.007618  0.004154   0.02343        15       640    0.9346    0.9643    0.9952    0.9586   0.01297  0.008703  0.009079
   174/199     7.46G   0.01298  0.008674  0.004294   0.02595        48       640    0.9316    0.9643    0.9952     0.961   0.01289   0.00875  0.009055
   175/199     7.46G   0.01248  0.007577  0.004485   0.02454        26       640    0.9269    0.9643    0.9952    0.9594   0.01293   0.00883  0.009007
   176/199     7.46G   0.01285  0.007787  0.003775   0.02441        41       640    0.9215    0.9643    0.9952    0.9532   0.01234  0.008853   0.00899
   177/199     7.46G   0.01285  0.007203  0.003924   0.02398        49       640    0.9146    0.9643    0.9952    0.9446   0.01218   0.00885  0.008967
   178/199     7.46G   0.01258  0.007982    0.0043   0.02486        64       640      0.85         1    0.9952    0.9594   0.01187  0.008916  0.008913
   179/199     7.46G   0.01268  0.006869  0.004142   0.02369        51       640    0.9131    0.9643    0.9952    0.9586   0.01167  0.008944  0.008873
   180/199     7.46G   0.01106  0.007309  0.003064   0.02144        34       640    0.9172    0.9643    0.9952    0.9615   0.01156  0.009002  0.008835
   181/199     7.46G   0.01226  0.008241  0.003727   0.02423        24       640    0.8577         1    0.9952    0.9514   0.01177  0.009072  0.008812
   182/199     7.46G   0.01199  0.007547  0.004133   0.02367        30       640    0.8643         1    0.9952    0.9665    0.0116  0.009184   0.00878
   183/199     7.46G   0.01136  0.007334  0.003947   0.02264        33       640    0.8673         1    0.9952    0.9556   0.01191  0.009195  0.008764
   184/199     7.46G   0.01208  0.007626  0.003689    0.0234        28       640    0.8738         1    0.9952    0.9608   0.01186  0.009139  0.008744
   185/199     7.46G   0.01202  0.007134  0.003718   0.02287        20       640    0.8798         1    0.9952     0.962   0.01174  0.009082  0.008725
   186/199     7.46G    0.0124  0.007766  0.003634    0.0238        50       640    0.8787         1    0.9952    0.9667   0.01153  0.009094  0.008712
   187/199     7.46G     0.012  0.008005  0.003478   0.02348        44       640    0.8741         1    0.9952    0.9719   0.01154  0.009157  0.008703
   188/199     7.46G   0.01125  0.006931  0.002925   0.02111        77       640    0.8722         1    0.9952    0.9728   0.01121  0.009284    0.0087
   189/199     7.46G   0.01292  0.008184  0.003919   0.02502        46       640    0.8697         1    0.9952    0.9711   0.01099  0.009352  0.008685
   190/199     7.46G   0.01102  0.006955    0.0032   0.02118        29       640    0.8703         1    0.9952    0.9617   0.01114   0.00931  0.008672
   191/199     7.46G   0.01122  0.007245  0.003924   0.02239        64       640    0.8691         1    0.9952    0.9645   0.01121  0.009327  0.008663
   192/199     7.46G   0.01222  0.007193  0.003651   0.02307        39       640    0.8704         1    0.9952    0.9704   0.01123  0.009283  0.008643
   193/199     7.46G   0.01268  0.008818  0.004103    0.0256        25       640    0.8713         1    0.9952    0.9683   0.01118  0.009178  0.008639
   194/199     7.46G   0.01186  0.007248  0.003332   0.02244        32       640    0.8709         1    0.9952    0.9795   0.01087  0.009221  0.008633
   195/199     7.46G   0.01152   0.00677  0.003595   0.02189        26       640    0.8723         1    0.9952     0.963   0.01083  0.009231  0.008628
   196/199     7.46G    0.0116  0.006994  0.002821   0.02142        35       640    0.8699         1    0.9952    0.9756   0.01058  0.009244  0.008615
   197/199     7.46G    0.0114  0.007258  0.003102   0.02176        67       640    0.8654         1    0.9952    0.9736   0.01048  0.009179  0.008596
   198/199     7.46G   0.01181  0.006242  0.003341   0.02139        14       640    0.8623         1    0.9952    0.9733   0.01066  0.009198  0.008579
   199/199     7.46G    0.0112  0.006218  0.003268   0.02068        52       640    0.8598         1    0.9952    0.9741   0.01077  0.009173  0.008549
