41 0.08119658119658119 0.37960954446854667 0.054945054945054944 0.06073752711496744
41 0.5494505494505495 0.38937093275488066 0.026862026862026878 0.04555314533622562
39 0.07944886204567927 0.314384776539238 0.05355648836285411 0.07345501945591637
39 0.5485184093202667 0.3390453403349914 0.02653509927603226 0.056569838543350404
38 0.37831470110685994 0.4111045394318781 0.019711788033623945 0.03636632477786805
38 0.33927019788641244 0.4050434853022334 0.0159210595656194 0.029631820189373936
38 0.3119769529167792 0.40369658438453465 0.012888476791215686 0.026938018353976356
38 0.2865790721811484 0.4036965843845347 0.016679205259220287 0.02424421651857872
38 0.2592858272115153 0.4030231339256851 0.013646622484816573 0.02020351376548224
38 0.23085536370148063 0.40302313392568534 0.014404768178417515 0.022897315600879875
