41 0.08119658119658119 0.3796095444685467 0.054945054945054944 0.06073752711496746
41 0.5494505494505495 0.38937093275488066 0.02686202686202686 0.04555314533622559
39 0.07944886204567926 0.314384776539238 0.0535564883628541 0.07345501945591637
39 0.5485184093202667 0.3390453403349914 0.0265350992760323 0.0565698385433504
38 0.37831470110685994 0.4111045394318781 0.01971178803362395 0.03636632477786804
38 0.33927019788641244 0.4050434853022334 0.015921059565619407 0.02963182018937395
38 0.3119769529167792 0.40369658438453465 0.012888476791215676 0.026938018353976335
38 0.2865790721811484 0.4036965843845347 0.016679205259220294 0.024244216518578717
38 0.2592858272115153 0.4030231339256851 0.01364662248481659 0.020203513765482226
38 0.23085536370148063 0.4030231339256853 0.014404768178417507 0.022897315600879847
