44 0.06903460652200431 0.12771248232409121 0.13806921304400863 0.25542496464818243
10 0.06154012772581193 0.4077920218547274 0.11853377124472732 0.21474551686828414
26 0.32980311035500715 0.14021865075935536 0.18750943561889707 0.2804373015187107
44 0.4594302558606792 0.3840412247572902 0.1276815223085881 0.22686990490199666
44 0.9154613425268809 0.7319084122736834 0.169077314946238 0.3046538722969653
9 0.5202309807695307 0.7167837519468847 0.1057932613414016 0.2916898777311384
23 0.6473044958290304 0.38404122475728997 0.15808188476301355 0.2830472146872527
10 0.826058627061054 0.3959248864426327 0.12889753680676486 0.22038790761908228
19 0.7762020326357955 0.12449980734828882 0.19456231970832483 0.24899961469657764
11 0.9768700746848205 0.29869492719891955 0.04625985063035898 0.3759558424090225
30 0.6986464457013367 0.718944417707855 0.15808188476301366 0.2744045516433661
