42 0.1878612373806245 0.1633352584365484 0.1081594888211665 0.18086311878520842
44 0.17146696583904728 0.3300252112956489 0.07177782213760564 0.16518775578257608
47 0.29452155732881136 0.21660768404714464 0.0980087121675616 0.1775366103115863
12 0.2799258068520441 0.36916807092574 0.0719993349629329 0.12963890862437305
29 0.4311404551940099 0.2770173063795338 0.1113979518866745 0.1822736079062362
47 0.4829026962396541 0.42695787316093403 0.07730881826344377 0.1373891438039977
47 0.6956230211409176 0.683609505268153 0.10443099743957074 0.18470739579163276
11 0.4952413497000847 0.606268071665699 0.06981471787727805 0.16639985608727037
26 0.5781208343677566 0.45992858774746936 0.09583565558573082 0.17119591006253193
12 0.6680568657104523 0.4973216416489579 0.0775651893991316 0.134317350428944
22 0.6594052745276089 0.33690558026358325 0.11552437275546656 0.1885486440929773
13 0.8001051462948523 0.49189795221237587 0.1447518189532645 0.2334353107557836
39 0.8131151584520013 0.7072437957101942 0.11689336531748495 0.18480859073192002
34 0.5855456299402195 0.6386738977331413 0.09535575226176662 0.16681564865124932
