39 0.24801688373605457 0.13229756584382804 0.11504205683778299 0.19388458458938285
41 0.22528065487891535 0.3013201307208821 0.07807898703802274 0.1738039215525559
44 0.3554539305145371 0.1988994561605025 0.10476925851782964 0.189328376398956
10 0.33506404566379083 0.35364070840138706 0.07693570781906356 0.13830183505196658
26 0.4933461836966515 0.27618643106626906 0.11833285498917645 0.1956871968332627
44 0.5410700520196887 0.4357046902570253 0.08253974128135055 0.1466919171452623
44 0.749987644767341 0.7227085380624215 0.11146322725041202 0.1972743455431012
9 0.5473375694457903 0.6208949276648321 0.07616351164841728 0.17477716682390576
23 0.6375006246505059 0.4802094666571237 0.10235400730699074 0.18272757315700555
10 0.728359394821388 0.5286533669165567 0.08267804736370743 0.14365294673325502
19 0.7251990188752842 0.3632452813774843 0.1226978570714784 0.20245936803631748
11 0.8639090188940914 0.5379436321229767 0.15363208742640888 0.2508669964376862
36 0.8695824839779005 0.760147856046339 0.12392250868323829 0.19888750216227302
30 0.6387512717413635 0.6642680617947507 0.1017062206152396 0.17829153686742394
