39 0.17182922928649652 0.2885547771105553 0.0905923059529989 0.1470609245466136
41 0.1736050746277658 0.45238725187495094 0.0550458715596329 0.14390493853251188
44 0.2787561405650584 0.30408544796925113 0.08055693191389192 0.14725406870968016
10 0.2807700638629059 0.4538960109273637 0.059266885622363624 0.10737275843414208
26 0.41490155517750354 0.31653994831023086 0.09375471780944848 0.14735740489824894
44 0.4797151279303396 0.44202061237864504 0.06384076115429405 0.11343495245099826
44 0.7086298572121653 0.6159542061368417 0.08633702937056886 0.15232693614848275
9 0.5101154903847653 0.6083918759734424 0.052896630670700794 0.14584493886556912
23 0.5736522479145152 0.442020612378645 0.07904094238150683 0.14152360734362637
10 0.663029313530527 0.44796244322131634 0.06444876840338243 0.1101939538095412
19 0.6381010163178976 0.2983363392740472 0.09728115985416239 0.15232693614848333
11 0.7879748032182163 0.3993474635994598 0.12220945706679183 0.18797792120451132
36 0.8227658868906955 0.5997492129295563 0.09910518160142776 0.14800560462654144
30 0.5993232228506683 0.6094722088539275 0.07904094238150679 0.13720227582168307
