39 0.7749581966354768 0.1969747198492751 0.09464038515657414 0.15606168930548697
41 0.7816138731523632 0.3548374708945665 0.060290242927086624 0.14729100343758478
44 0.6729073338689529 0.2291643783032262 0.08499809053478513 0.15462830681041823
10 0.678618200137093 0.3735790827420772 0.06248508856232915 0.11283490912111643
26 0.542596690779878 0.2631095764854863 0.09769716989213595 0.15685708535107445
44 0.4866639782130447 0.3942558340740019 0.06719377941673421 0.11940357609699603
44 0.2753701554216593 0.5984815540578947 0.09081643601195882 0.16044004359040742
9 0.4659178238983688 0.559178830245695 0.05832211250898195 0.14881015335148018
23 0.39631402106868485 0.40941205941104686 0.08324744971520015 0.14887207734657165
10 0.31065331681750935 0.42954747668542326 0.06761311461420516 0.11638443953485078
19 0.3269912133731692 0.28161308215131653 0.10134264461130194 0.16220581741608336
11 0.18799728943762573 0.4029482012416421 0.1271390045038886 0.20051744398496307
36 0.16476535049966756 0.6013105841913005 0.10287640715231353 0.15834379957634226
30 0.38017180524372685 0.5746110739078141 0.08302684415632128 0.1447157638692167
