38 0.885281464742667 0.4801510934243107 0.04064508046143789 0.03213542188660401
38 0.8559747680643295 0.46800049992192433 0.03558624380501263 0.028339808463974103
38 0.8255560845257373 0.4584488344639712 0.03566407876710975 0.028847164072191123
38 0.7966134093081132 0.4494995047429118 0.03503452299700549 0.027504550075604484
38 0.7709204958850029 0.43935558035182226 0.032386549981747725 0.025865897425904727
38 0.7418018777365663 0.4288081344574633 0.03244208396344361 0.026429721574041887
38 0.72449274068626 0.4229027193580241 0.031007029492423177 0.024482746952917855
38 0.680911997931573 0.40534247830615194 0.02841459045886119 0.023407918451355147
38 0.6588809366391596 0.39849612745266205 0.02870160135306543 0.023797313375579943
38 0.7021699980067801 0.414156072018966 0.030025587860694314 0.02461663970042982
38 0.6389469230715811 0.3897230702162482 0.027090603951232417 0.02258859212650527
38 0.6196749027578172 0.38097028121803456 0.026803593057028396 0.022199197202280474
38 0.5994863157797451 0.3743794325412575 0.025479606549399403 0.021379870877430596
38 0.5810475611577457 0.36495533654475043 0.02456303988509112 0.019647861956619106
38 0.5639374635362373 0.3578614684344367 0.02306311044664988 0.019566789003818585
38 0.5463366450988649 0.35005575684942936 0.024044552078378745 0.019432896256306564
38 0.5281895718639318 0.3425319573384905 0.020822557274712605 0.017015453758157162
38 0.5109915027770173 0.33463903114152704 0.020072592555492097 0.01697491728175693
38 0.4958396179261045 0.32810284552019475 0.02134104508142498 0.01723041945846976
38 0.4795350190055129 0.3208345481859688 0.019267093854575534 0.016370556657219593
38 0.46289498339845947 0.313967324946249 0.021495491755496587 0.01730690952544295
38 0.4468633079930255 0.3074640585021803 0.020131442703417823 0.016283472074735905
38 0.4310720114672595 0.299338616024585 0.020554778235878035 0.016306353858880074
38 0.41481299455314563 0.2928845799552853 0.019969432535998255 0.016063668791515717
38 0.3987499716628121 0.286942262611339 0.019190729183799438 0.01528291640817303
38 0.3847303859791352 0.2792644007857755 0.01756535476668014 0.014456400456541896
38 0.3695270715247105 0.2726741144842409 0.01759670225157972 0.014774664489300093
38 0.35362605880179643 0.26651199385707447 0.017079324264421214 0.013796990606881443
38 0.3392014476995705 0.25938364023956145 0.017371997114361215 0.013918333140563677
38 0.32453382134621517 0.25258499154687875 0.017889375101519445 0.014896007022982216
38 0.31014319410034985 0.24618815993793958 0.016493978564541434 0.013554305539517086
38 0.295509551603355 0.24012103325383047 0.01649397856454138 0.013554305539517031
38 0.2795241693442535 0.23320650065151924 0.016493978564541545 0.013554305539517142
38 0.2655568776308483 0.22727215739316453 0.01633196839712192 0.013334502256296954
38 0.25139359189366284 0.22082609540945622 0.014805909177623588 0.012091261522369778
38 0.2370682959890577 0.21459983670896807 0.015098582027563395 0.012212604056051901
38 0.22147299348707228 0.2069861129567263 0.01571527521234259 0.012773553156174344
38 0.20683935099007733 0.2009189862726172 0.015715275212342644 0.0127735531561744
38 0.19246439748666183 0.19424168011361678 0.014413921130062735 0.012386643770983585
38 0.1797477482025573 0.18816581623411574 0.01292131750380135 0.010913058976013634
