38 0.11126808872047819 0.3466704487955963 0.030624244601966465 0.027599319216792696
38 0.14801718224283797 0.34667044879559633 0.026541011988370937 0.02453272819270455
38 0.18399445906929351 0.349609375 0.026006283967391304 0.025390625
38 0.21812770677649457 0.3525390625 0.026656441066576095 0.0234375
38 0.24998540463654892 0.35302734375 0.02405581266983696 0.0224609375
38 0.2854189665421195 0.3544921875 0.023405655570652172 0.0234375
38 0.30622399371603265 0.355712890625 0.023405655570652172 0.02099609375
38 0.360512111497962 0.356201171875 0.02015487007472826 0.02099609375
38 0.38651839546535327 0.3583984375 0.02015487007472826 0.021484375
38 0.33385567043138586 0.356201171875 0.021455184273097828 0.02197265625
38 0.41187452233356 0.35791015625000006 0.018854555876358696 0.0205078125
38 0.43658049210258154 0.357177734375 0.018854555876358696 0.02001953125
38 0.46063630477241846 0.35888671875 0.017554241677989132 0.01953125
38 0.48501719599184784 0.357177734375 0.01820439877717391 0.01708984375
38 0.5064723802649458 0.35717773437500006 0.015603770380434782 0.01806640625
38 0.5289028001868206 0.356689453125 0.017554241677989132 0.01708984375
38 0.5516582986582881 0.356689453125 0.01495361328125 0.01513671875
38 0.5737636400305707 0.35595703125000006 0.013653299082880434 0.015625
38 0.5929432744565218 0.355712890625 0.015603770380434782 0.01513671875
38 0.6137483016304347 0.355224609375 0.013003141983695652 0.01513671875
38 0.6345915713124328 0.35525510984733244 0.015780859515955533 0.015159211988748911
38 0.654592893257074 0.35539292086541197 0.014679869317167886 0.014332345880271713
38 0.6755117070340384 0.3538769996665371 0.015413862783026264 0.01405672384411259
38 0.6956965273451442 0.3541526217026961 0.014679869317167886 0.01405672384411259
38 0.7153308525568564 0.3548416767930938 0.014312872584238696 0.013229857735635396
38 0.7342311843027101 0.3530501335580598 0.012477888919592594 0.012954235699476332
38 0.7534985127814928 0.35277451152190076 0.01211089218666356 0.013505479771794459
38 0.773132837993205 0.3531879445761394 0.01247788891959275 0.01212736959099908
38 0.7920331697390587 0.3520854564315031 0.012844885652521943 0.012127369590999137
38 0.8109335014849124 0.35139640134110545 0.012477888919592594 0.013505479771794459
38 0.8292833381313721 0.35098296828686687 0.011743895453734367 0.01212736959099908
38 0.8476331747778321 0.35098296828686687 0.011743895453734216 0.01212736959099908
38 0.8678811761454888 0.35070734625070776 0.011743895453734367 0.012127369590999137
38 0.8854970193260903 0.3505695352326283 0.011743895453734367 0.011851747554840072
38 0.9036633576060855 0.35001829116031014 0.010642905254946801 0.010749259410203755
38 0.9218296958860808 0.34974266912415103 0.011009901987875834 0.010749259410203755
38 0.9421980145636512 0.34864018097951466 0.011376898720805027 0.011300503482521887
38 0.9605478512101113 0.34864018097951466 0.011376898720805183 0.011300503482521887
38 0.9790811862230356 0.3479511258891171 0.009541915056159079 0.01157612551868095
38 0.9955960392048496 0.34717938334674 0.008807921590300855 0.010032640433926782
