38 0.09633965341123234 0.6466435937511485 0.0455834211472812 0.0343580250063531
38 0.12192315446032509 0.6284704414236869 0.040044828037414826 0.030203926814397652
38 0.14955308814322948 0.6127249507190305 0.04042678483835163 0.030536732576885273
38 0.17589114769226483 0.597884937142849 0.03916232021960134 0.02949854720061118
38 0.19849869179287488 0.5824706017716452 0.03649330769181694 0.027532634661833533
38 0.2244541751607388 0.5659677814767555 0.03689923108803553 0.02789096958878834
38 0.24001112213092424 0.5565290978227386 0.034752878031706125 0.026191343465490013
38 0.2782339812393376 0.5300224769299574 0.03248978890014048 0.024583765853667172
38 0.29827041204256 0.5186915195463435 0.032919059511406334 0.024923691078326926
38 0.25967665036049875 0.5432046133469044 0.03425356577529845 0.025906647347715528
38 0.31549323665750695 0.5058124889494657 0.031155282636248283 0.02360080958427835
38 0.3320488081405074 0.49308501126262294 0.030726012024982485 0.02326088435961865
38 0.35029811485352436 0.48237867522144307 0.02939150576109012 0.02227792809022988
38 0.36576883620083667 0.4691321048464631 0.027697770531073918 0.020899817489296035
38 0.38070522446917066 0.4585220926084325 0.02674584044835321 0.020293605849157292
38 0.395891268865708 0.4470898818621955 0.027245152704760855 0.020578301966931556
38 0.41173289278666814 0.43583683857943584 0.023717598954444696 0.017932538978834622
38 0.42647799296441635 0.4243954229820512 0.023241633913084148 0.017629433158765195
38 0.43961558353502117 0.4147407524599668 0.02417021678075787 0.018254054501199213
38 0.45367008336577586 0.4041123305196411 0.022359745475505233 0.016967992411740962
38 0.46820729134928385 0.3938261555467155 0.024313275213830532 0.018357287622587037
38 0.4822527048798928 0.38403104639916785 0.02281986611714293 0.01723718944867564
38 0.49548297340459346 0.37263094586048573 0.023088535974607638 0.01740828478215234
38 0.5097772884513171 0.3628410326114408 0.02257755404814482 0.017045310521187518
38 0.5240518351566903 0.35361116844935164 0.02159512687792009 0.01628818660824094
38 0.5356345913146203 0.3430173682008347 0.02007535999276533 0.01518887202834085
38 0.5488055548152699 0.3332974149230198 0.020304493167529802 0.015391142752834541
38 0.5628377894516456 0.3238756718334425 0.01934842378577195 0.014613235245876655
38 0.5750263257820702 0.3137615689036457 0.019603914749003026 0.014794722376359037
38 0.5875783302159916 0.30393528436508116 0.02055998413076099 0.015572629883316869
38 0.5999894102740639 0.29457310944972825 0.018837441859309023 0.014250260984911778
38 0.6127639584356328 0.28549875292560734 0.018837441859309023 0.014250260984911778
38 0.6266176339021178 0.27529383754166387 0.018837441859309134 0.014250260984911889
38 0.6387600441027249 0.2664865158147639 0.018595129790311304 0.014058382057423824
38 0.6509222226446825 0.2571191450009081 0.016859408624625982 0.012746404956024415
38 0.663326713255638 0.24794365311454034 0.01711489958785717 0.012927892086506632
38 0.676537213438988 0.23710360166281394 0.017855014689083903 0.013493137071965144
38 0.6893117616005571 0.22802924513869294 0.017855014689084237 0.013493137071965311
38 0.7016082750712471 0.2183844477306109 0.016819871941925135 0.012777580347041156
38 0.7124268938839875 0.2096802652763674 0.014951940950118647 0.01134008292100716
