42 0.14214251292749433 0.5599804091357573 0.030276954477952756 0.05227366247560439
42 0.41772749811120846 0.416232141333825 0.015131333644932132 0.02879022738015785
38 0.21769497982433522 0.37671598924716465 0.01599941720112072 0.02843310024313772
38 0.2506988298140353 0.34750560418707543 0.014108183018552906 0.028238503798083958
38 0.2896089829567243 0.3136216015559026 0.014728451299314937 0.031873906674459274
38 0.3377043046855165 0.27627329366022435 0.014774825401933034 0.029423216308214706
38 0.39876726336554724 0.23143608473355787 0.01294591008431939 0.03503885131474385
38 0.19264373424038253 0.40014930957202255 0.013332847667600678 0.02369425020261484
38 0.17432050126298937 0.4204508519729474 0.016247232476547552 0.02444057022974261
42 0.2198558147822247 0.5105265733122907 0.01199956290084056 0.021324825182353457
