42 0.2045738061712111 0.4615966267267694 0.023809534179202466 0.04007308515467558
42 0.482756470461778 0.4660997890736962 0.011392121616843325 0.022998786245796397
38 0.30358946685142446 0.32948699877366594 0.012427769036556352 0.022078834795964467
38 0.33880147912166736 0.31890755710059965 0.010356474197130292 0.022998786245796324
38 0.3802273759101884 0.3069481882527856 0.010356474197130292 0.026678592045123746
38 0.4307151876211984 0.29636874657971923 0.010874297906986843 0.023918737695628182
38 0.49440750393354954 0.285329329181737 0.007767355647847752 0.031278349294283025
38 0.2766626339388857 0.3386865132719845 0.010356474197130292 0.01839902899663711
38 0.2564675092544817 0.34834600349521894 0.01346341645626934 0.017479077546805197
42 0.2844299895867335 0.45460039595079804 0.009320826777417225 0.0165591260969734
