42 0.2045738061712111 0.4615966267267694 0.023809534179202452 0.04007308515467556
42 0.482756470461778 0.4660997890736962 0.011392121616843331 0.022998786245796377
38 0.3035894668514244 0.32948699877366594 0.012427769036556346 0.022078834795964453
38 0.33880147912166736 0.31890755710059965 0.010356474197130316 0.02299878624579632
38 0.3802273759101884 0.3069481882527856 0.010356474197130316 0.02667859204512374
38 0.4307151876211984 0.29636874657971923 0.010874297906986852 0.02391873769562819
38 0.4944075039335495 0.2853293291817369 0.007767355647847751 0.031278349294283025
38 0.2766626339388857 0.3386865132719845 0.010356474197130316 0.01839902899663709
38 0.2564675092544817 0.34834600349521894 0.013463416456269361 0.017479077546805222
42 0.2844299895867335 0.45460039595079804 0.009320826777417246 0.01655912609697341
