42 0.20609991868410002 0.486598628139598 0.025744953439803875 0.04342023364273656
42 0.5014618763817327 0.5014866389401585 0.012362126766377657 0.024837222782562396
38 0.31276729533197734 0.3499030050372546 0.013451349357972098 0.023897911504803027
38 0.3502819984677745 0.3399474508671341 0.011262329778704505 0.024799599425935126
38 0.39441134512372944 0.328752234885197 0.011304627363020125 0.028707337963481294
38 0.44814805382770684 0.3193516252253275 0.011822802668620125 0.02579534573863529
38 0.5159124613225574 0.30994224604526144 0.008608006874231355 0.03349795274384587
38 0.2840668296916843 0.35869414410881295 0.011209457798310118 0.01991492625400254
38 0.2625097572732279 0.3682183023156412 0.014498274365250918 0.019050861689497656
42 0.29098293319329416 0.4820700832162196 0.010088512018479101 0.01792343362860238
