     0/199     7.36G   0.08235   0.01832   0.05644    0.1571         5       640    0.3235   0.01923  0.006984  0.001643    0.1054   0.02059   0.05998
     1/199     7.41G   0.07123    0.0152    0.0528    0.1392         1       640   0.08832   0.09615   0.01599  0.004009   0.09358   0.02022   0.05564
     2/199     7.41G   0.06434   0.01444   0.04947    0.1282         2       640    0.9939   0.07692    0.1107   0.02597   0.08934   0.01827    0.0509
     3/199     7.41G   0.05663   0.01372    0.0468    0.1172        12       640    0.9144   0.09615    0.1854   0.08605   0.07737   0.01773   0.05012
     4/199     7.41G   0.05561   0.01245   0.04633    0.1144        29       640    0.2716      0.25   0.09611    0.0429   0.07655   0.01644   0.04856
     5/199     7.41G   0.05137    0.0109   0.04531    0.1076         2       640    0.1831    0.6316    0.3301    0.2038   0.06974    0.0156   0.04728
     6/199     7.41G   0.04844   0.01158   0.04297     0.103         0       640    0.4032    0.3438    0.2054   0.09038   0.06965   0.01452   0.04729
     7/199     7.41G   0.05347   0.01093   0.04476    0.1092        11       640    0.2746    0.5513    0.2605    0.1611   0.06164   0.01764   0.04711
     8/199     7.41G   0.04786   0.01163   0.04289    0.1024         1       640    0.6876    0.2675    0.3006    0.1427   0.06282   0.01493   0.04591
     9/199     7.41G   0.04783  0.009888   0.04354    0.1013         4       640    0.5433    0.3582    0.2494    0.1567   0.06113   0.01644   0.04328
    10/199     7.41G   0.04815   0.01055   0.04243    0.1011         8       640    0.7465    0.3269    0.4089     0.249   0.07085   0.01322   0.04333
    11/199     7.41G   0.04625   0.01034   0.04297   0.09957         1       640    0.7989    0.3722    0.4877    0.3005   0.06422   0.01376   0.04198
    12/199     7.41G   0.04715   0.01073   0.04073   0.09861         6       640     0.694     0.465    0.4485    0.2057    0.0704   0.01352   0.04055
    13/199     7.41G   0.04409    0.0115   0.04061    0.0962         3       640    0.6627     0.528    0.5076    0.3409   0.06025    0.0129    0.0393
    14/199     7.41G   0.04392  0.009688   0.04002   0.09362        13       640    0.7416    0.4634    0.5189    0.3316   0.07015   0.01165   0.03955
    15/199     7.41G   0.04798  0.009049   0.03933   0.09636         0       640    0.6998    0.4327    0.3959    0.2266   0.07255    0.0114   0.03881
    16/199     7.41G   0.04324  0.009835   0.03876   0.09183         5       640    0.8762    0.4187    0.5972    0.3253   0.06418   0.01157   0.03807
    17/199     7.41G   0.04153  0.009716   0.03777   0.08901         3       640     0.771    0.5288    0.5806    0.3994   0.05975   0.01114    0.0375
    18/199     7.41G   0.04018  0.009376   0.03695   0.08651         2       640    0.9456    0.3789    0.6322    0.4068   0.05728   0.01068    0.0367
    19/199     7.41G   0.03877  0.009794   0.03471   0.08328         1       640    0.8089    0.5378     0.667    0.4778   0.05713   0.01085   0.03472
    20/199     7.41G   0.03683   0.01021   0.03301   0.08004         1       640    0.8084    0.5378    0.7181    0.4384   0.05188   0.01045   0.03402
    21/199     7.41G   0.03517   0.01068   0.03143   0.07728         1       640    0.8606    0.4261    0.6058    0.3289   0.05426  0.009983   0.03188
    22/199     7.41G   0.03404   0.01002   0.02927   0.07333         5       640    0.8627    0.5412    0.7429    0.5328    0.0481  0.009954   0.03084
    23/199     7.41G   0.03182   0.01024   0.02985   0.07191         3       640    0.9179    0.5543    0.7948    0.6063   0.04584  0.009628    0.0293
    24/199     7.41G   0.03145   0.00926   0.02781   0.06852         5       640    0.7999    0.6783     0.777    0.5548   0.04606  0.009053   0.02793
    25/199     7.41G   0.03036  0.009021   0.02592   0.06531         2       640    0.8173    0.6538    0.7572    0.6033   0.04507  0.008951   0.02699
    26/199     7.41G    0.0301  0.008715   0.02649    0.0653         9       640    0.8004    0.6824    0.7798    0.6463   0.04573  0.009276   0.02604
    27/199     7.41G   0.03118  0.008613   0.02464   0.06444         6       640     0.891    0.6812    0.7809    0.5988   0.04494   0.00971   0.02526
    28/199     7.41G   0.02934  0.009274   0.02323   0.06184         1       640    0.8686    0.6786    0.7704    0.5871   0.04492  0.009775   0.02453
    29/199     7.41G   0.02907  0.009736   0.02348    0.0623         4       640    0.9183     0.684    0.7911    0.6008   0.04323  0.009134   0.02384
    30/199     7.41G   0.02915  0.008861   0.02259    0.0606         1       640    0.9346    0.6105    0.7911     0.632   0.04308  0.009577   0.02402
    31/199     7.41G   0.02831  0.008499   0.02047   0.05728         3       640    0.9098    0.6689    0.8502    0.6856   0.04122  0.009987   0.02248
    32/199     7.41G   0.02801   0.00852   0.02105   0.05758        16       640    0.8587    0.7596    0.8284    0.6352   0.04205  0.009982   0.02222
    33/199     7.41G   0.02728  0.008638   0.01954   0.05545         3       640    0.8017    0.7683    0.8783    0.6719   0.04277  0.009531   0.02189
    34/199     7.41G   0.02753  0.008724    0.0194   0.05565         4       640    0.8364    0.7692    0.8421    0.6654   0.04457  0.009548   0.02176
    35/199     7.41G   0.02816  0.007981   0.01782   0.05397         0       640    0.8273    0.7692    0.8379    0.7049   0.04262  0.009598   0.02094
    36/199     7.41G   0.02703  0.008156   0.01685   0.05205         2       640    0.8453    0.7666    0.8421     0.665   0.04204  0.009502    0.0206
    37/199     7.41G   0.02701  0.007818   0.01759   0.05242         8       640    0.8043    0.7692    0.8794    0.7073   0.04085  0.009862   0.02002
    38/199     7.41G   0.02698  0.007596   0.01678   0.05136         1       640    0.9518    0.6672    0.8712    0.6853   0.04022   0.01054   0.01969
    39/199     7.41G   0.02636  0.007931   0.01638   0.05068         5       640     0.909     0.747    0.8804    0.6876   0.03863   0.01066   0.01963
    40/199     7.41G   0.02725  0.008271   0.01552   0.05104        17       640    0.8948    0.7498    0.8804    0.6954   0.03932   0.01049   0.01936
    41/199     7.41G   0.02592  0.007454   0.01595   0.04932         6       640    0.8644    0.7548    0.8805    0.7203   0.04089  0.009913   0.01934
    42/199     7.41G   0.02763  0.007321    0.0161   0.05105         2       640     0.877    0.7542    0.9187    0.7569    0.0363   0.01123   0.01885
    43/199     7.41G    0.0265  0.007411   0.01441   0.04832         0       640    0.7822    0.8462    0.9187    0.7394   0.04102   0.01079   0.01838
    44/199     7.41G   0.02631  0.007815   0.01453   0.04866        11       640    0.7523    0.9145    0.9169    0.7619    0.0396   0.01126   0.01836
    45/199     7.41G   0.02675  0.007657   0.01333   0.04774         2       640    0.7143    0.9224    0.8805    0.7134   0.03727   0.01133   0.01778
    46/199     7.41G    0.0256  0.007661   0.01255   0.04581         1       640    0.8172    0.8462    0.8805      0.72   0.03682   0.01124   0.01799
    47/199     7.41G   0.02645  0.007432   0.01296   0.04684         0       640    0.7935    0.9208    0.9166    0.7169   0.03749   0.01134    0.0183
    48/199     7.41G   0.02818  0.007241   0.01156   0.04698         4       640    0.7911    0.9151    0.9123    0.7779   0.03901    0.0107   0.01735
    49/199     7.41G   0.02592  0.007139   0.01083   0.04389         6       640     0.908    0.8916    0.9177    0.7475   0.04012   0.01093   0.01708
    50/199     7.41G   0.02572  0.007111   0.01166   0.04449         4       640    0.9156    0.9135    0.9187    0.7087    0.0422    0.0108   0.01758
    51/199     7.41G    0.0264  0.007422   0.01084   0.04467         5       640    0.8692    0.8915    0.9187    0.7514   0.04066   0.01098     0.017
    52/199     7.41G   0.02632  0.006979    0.0115    0.0448         2       640    0.8784     0.905    0.9187     0.703    0.0393   0.01085   0.01722
    53/199     7.41G     0.025  0.006691   0.01006   0.04175         3       640    0.9097    0.9095    0.9187    0.7699   0.03815    0.0107   0.01683
    54/199     7.41G   0.02499   0.00752   0.00992   0.04243         6       640    0.9437    0.8881    0.9187    0.7534   0.03838   0.01041   0.01841
    55/199     7.41G   0.02589  0.007002   0.01058   0.04347        15       640    0.9703    0.8718    0.9188    0.6931    0.0408    0.0103   0.01749
    56/199     7.41G   0.02534  0.006766   0.01053   0.04264         1       640    0.9482    0.8794    0.9188    0.7306   0.03819   0.01051   0.01698
    57/199     7.41G   0.02447  0.007202  0.009427    0.0411        18       640    0.9593    0.8622    0.9187    0.7393   0.03588   0.01069   0.01643
    58/199     7.41G   0.02517   0.00678  0.008716   0.04066        16       640    0.9568    0.8735    0.9188    0.7646   0.03485   0.01094   0.01665
    59/199     7.41G    0.0258  0.007201   0.00739   0.04039        13       640    0.9296    0.9037    0.9188    0.7709    0.0367   0.01036    0.0163
    60/199     7.41G   0.02492  0.006629  0.007482   0.03903         2       640    0.9482    0.8914    0.9188    0.7899   0.03567   0.01064   0.01623
    61/199     7.41G   0.02491   0.00688  0.007779   0.03957        14       640    0.9253    0.8943    0.9188    0.8026   0.03716   0.01024   0.01608
    62/199     7.41G    0.0254  0.006317  0.007504   0.03922        11       640    0.9669    0.8656    0.9188    0.7966    0.0344   0.01049    0.0159
    63/199     7.41G   0.02507  0.006522  0.007321   0.03891         5       640    0.9536    0.8588    0.9188    0.7729   0.03468   0.01047   0.01603
    64/199     7.41G   0.02538  0.007026    0.0071    0.0395         5       640      0.91    0.9231    0.9188    0.7589   0.03681   0.01027   0.01583
    65/199     7.41G   0.02326  0.005792  0.006602   0.03566         1       640    0.9556    0.8643    0.9189    0.7635    0.0372   0.01061   0.01576
    66/199     7.41G   0.02511  0.006353  0.006921   0.03839         2       640    0.9458    0.8969    0.9188    0.7673   0.03636   0.01152   0.01547
    67/199     7.41G   0.02494  0.006475  0.007867   0.03928         1       640    0.9371    0.8886    0.9284    0.8317   0.03519   0.01108   0.01547
    68/199     7.41G   0.02359  0.006518  0.006651   0.03676         2       640    0.9075    0.9131    0.9233    0.7757   0.03838   0.01138   0.01538
    69/199     7.41G    0.0251  0.006323    0.0066   0.03802         1       640    0.9496    0.8714    0.9188    0.7981   0.03629   0.01222   0.01615
    70/199     7.41G   0.02334  0.006654   0.00642   0.03641         4       640    0.9771    0.8552    0.9316     0.795   0.03724   0.01201   0.01637
    71/199     7.41G   0.02301  0.006238  0.006416   0.03567         3       640    0.9729    0.8674    0.9258    0.8085    0.0365   0.01227     0.016
    72/199     7.41G   0.02448  0.006466   0.00708   0.03803         5       640    0.9503     0.904    0.9265    0.7814   0.03656   0.01179   0.01603
    73/199     7.41G    0.0237  0.006072  0.006603   0.03638         8       640    0.9739     0.867    0.9167    0.8071   0.03465   0.01151   0.01624
    74/199     7.41G   0.02338  0.006397  0.005886   0.03566         2       640    0.9574    0.8718    0.9188    0.8088   0.03536   0.01121   0.01563
    75/199     7.41G   0.02143  0.005674  0.005152   0.03225         1       640     0.958    0.8756    0.9188    0.7966   0.03596   0.01183   0.01511
    76/199     7.41G   0.02218  0.006078  0.005831   0.03409        11       640    0.9721    0.8757    0.9189    0.7694    0.0365   0.01221   0.01483
    77/199     7.41G   0.02209  0.005637  0.005241   0.03297         4       640    0.9565    0.8749    0.9189    0.8136   0.03493   0.01236   0.01535
    78/199     7.41G   0.02232  0.006335  0.004902   0.03356         6       640    0.9667     0.867    0.9189    0.8115   0.03592   0.01237   0.01501
    79/199     7.41G   0.02381  0.006131  0.006391   0.03633         2       640    0.9437    0.8705    0.9179      0.78   0.03698   0.01211   0.01459
    80/199     7.41G   0.02314  0.006255   0.00577   0.03517         3       640    0.9764    0.8432    0.9189    0.8027     0.036   0.01246   0.01466
    81/199     7.41G   0.02128  0.005891  0.005461   0.03263         1       640    0.9624    0.8689    0.9189    0.7723   0.03755    0.0126   0.01433
    82/199     7.41G   0.02165   0.00592  0.004924    0.0325         1       640    0.9521     0.879    0.9189    0.8008   0.03635   0.01226   0.01436
    83/199     7.41G   0.02255  0.006126  0.005023    0.0337         8       640     0.966    0.8783    0.9189    0.8022   0.03764   0.01185   0.01418
    84/199     7.42G   0.02217  0.006386   0.00462   0.03318        15       640    0.9666    0.8758    0.9189    0.7821   0.03933   0.01143   0.01437
    85/199     7.42G   0.02221  0.005987  0.004767   0.03297         0       640    0.9659    0.8752    0.9179    0.8056    0.0353    0.0115    0.0142
    86/199     7.42G   0.02116  0.005827  0.005249   0.03223         6       640    0.9478    0.8788    0.9189     0.818    0.0351   0.01198   0.01398
    87/199     7.42G   0.02124  0.005568  0.004795    0.0316         7       640    0.9449    0.8943    0.9189    0.8182   0.03347   0.01241   0.01441
    88/199     7.42G   0.02095  0.005373  0.004738   0.03107         1       640    0.9669    0.8736    0.9189    0.8049   0.03477   0.01253   0.01442
    89/199     7.42G   0.02168  0.005916   0.00482   0.03242         2       640    0.9665    0.8723    0.9189    0.7968   0.03577   0.01292   0.01433
    90/199     7.42G   0.02152  0.006244  0.005709   0.03347         1       640    0.9348     0.904    0.9259    0.7821   0.03409   0.01281    0.0143
    91/199     7.42G   0.02096   0.00599  0.004093   0.03105        16       640    0.9759     0.862    0.9955    0.8484   0.03491   0.01335   0.01456
    92/199     7.42G   0.02103  0.005222  0.003868   0.03012         2       640    0.9795    0.8504    0.9954    0.8398   0.03563   0.01342   0.01465
    93/199     7.42G    0.0214   0.00528  0.004021    0.0307         2       640    0.9775    0.8505    0.9955    0.8239   0.03628   0.01346   0.01535
    94/199     7.42G   0.02045  0.005549   0.00453   0.03053         7       640    0.9531    0.8818    0.9955    0.8589   0.03534   0.01328   0.01548
    95/199     7.42G   0.02098  0.005314  0.004097   0.03039         3       640     0.923    0.9135    0.9955    0.8565   0.03538   0.01309   0.01537
    96/199     7.42G   0.02007  0.005711   0.00361   0.02939        22       640    0.9824    0.8699    0.9955    0.8487   0.03597   0.01274    0.0151
    97/199     7.42G      0.02  0.005285  0.003842   0.02913         3       640    0.9833    0.8721    0.9955    0.8512   0.03679   0.01237   0.01468
    98/199     7.42G   0.01999  0.005385  0.003735   0.02911         7       640    0.9683    0.8734    0.9955    0.8467   0.03972   0.01208   0.01494
    99/199     7.42G   0.02104  0.005209  0.004279   0.03053         2       640    0.9849    0.8702    0.9955    0.8751   0.03944   0.01163   0.01529
   100/199     7.42G    0.0203  0.005218  0.004258   0.02978         6       640    0.9562    0.8705    0.9955    0.8954   0.03808   0.01153   0.01471
   101/199     7.42G   0.02031  0.005565  0.004267   0.03014         3       640    0.9239    0.9039    0.9955    0.8833   0.03748    0.0115   0.01506
   102/199     7.42G   0.01917  0.005094  0.003741   0.02801         1       640    0.9407     0.904    0.9956    0.8807   0.03876   0.01157   0.01532
   103/199     7.42G      0.02  0.005336  0.003848   0.02919        19       640    0.9371    0.9135    0.9956    0.9124   0.04015   0.01141   0.01528
   104/199     7.42G   0.01965  0.005049  0.003399   0.02809         5       640    0.9337     0.904    0.9956    0.9138   0.03887   0.01143   0.01399
   105/199     7.42G   0.01892  0.005059  0.003243   0.02722         2       640    0.9644    0.8755    0.9955    0.9063   0.03784   0.01169   0.01367
   106/199     7.42G   0.01899  0.005083  0.003027    0.0271         5       640    0.9712    0.8703    0.9955    0.9055   0.03812   0.01198   0.01367
   107/199     7.42G   0.01918  0.005142  0.003322   0.02764         5       640    0.9817    0.8678    0.9956    0.8933   0.04118   0.01182   0.01437
   108/199     7.42G   0.01953  0.004829  0.003074   0.02743         1       640    0.9752    0.8686    0.9956     0.892   0.04172   0.01143   0.01447
   109/199     7.42G   0.01956  0.005137  0.003421   0.02811         4       640    0.9754    0.8704    0.9956     0.867   0.04352   0.01071   0.01497
   110/199     7.42G   0.01928   0.00499  0.002883   0.02715         9       640    0.9836    0.8666    0.9956    0.9075    0.0435   0.01036   0.01525
   111/199     7.42G   0.01903  0.005023   0.00317   0.02722         9       640    0.9753    0.8655    0.9955    0.9025   0.04362   0.01025   0.01539
   112/199     7.42G   0.01846  0.005005  0.002884   0.02635         1       640    0.9699    0.8654    0.9956    0.9229   0.04231  0.009923   0.01486
   113/199     7.42G   0.01752  0.005194  0.003177   0.02589         7       640    0.9858    0.8667    0.9956    0.8958   0.04149   0.01028   0.01426
   114/199     7.42G   0.01898  0.004851  0.003349   0.02718         2       640     0.973    0.8743    0.9956     0.896   0.04014   0.01092   0.01398
   115/199     7.42G   0.01845  0.005058  0.002751   0.02626         9       640    0.9747    0.8745    0.9956    0.9078   0.03995   0.01065   0.01348
   116/199     7.42G   0.01737  0.004725  0.002638   0.02474         1       640     0.981    0.8692    0.9957    0.8738   0.04033   0.01087   0.01324
   117/199     7.42G   0.01903  0.005008   0.00308   0.02712         2       640    0.9783    0.8655    0.9957    0.8702   0.04192   0.01126   0.01337
   118/199     7.42G   0.01754  0.004844  0.002454   0.02484         3       640    0.9695    0.8705    0.9957    0.8885   0.04199   0.01088   0.01333
   119/199     7.42G   0.01687  0.004778  0.002811   0.02446         0       640    0.9297    0.9039    0.9956    0.8804   0.04419   0.01031   0.01342
   120/199     7.42G   0.01788  0.004772  0.002855   0.02551        10       640    0.9319    0.8959    0.9957    0.8909   0.04728   0.00959    0.0145
   121/199     7.42G    0.0178   0.00482  0.003433   0.02606         3       640     0.945     0.888    0.9957    0.8532   0.04862  0.009113   0.01535
   122/199     7.42G   0.01773  0.004809   0.00329   0.02583         4       640    0.9376    0.8941    0.9956    0.9148    0.0455  0.009125   0.01537
   123/199     7.42G   0.01736  0.004838    0.0026    0.0248        17       640    0.9459    0.8943    0.9957    0.9106   0.04557  0.009354   0.01547
   124/199     7.42G   0.01799  0.005036  0.002533   0.02556        16       640    0.9876    0.8654    0.9957    0.9263   0.04584  0.009106    0.0155
   125/199     7.42G   0.01719  0.004614  0.002759   0.02456         1       640    0.9892    0.8654    0.9957    0.9127   0.04462  0.009336   0.01519
   126/199     7.42G   0.01761  0.004592  0.002697    0.0249         1       640    0.9827    0.8667    0.9957    0.9043   0.04316  0.009781   0.01463
   127/199     7.42G   0.01748  0.004678  0.002571   0.02473        12       640    0.9754    0.8688    0.9958    0.8879   0.04199   0.01032   0.01387
   128/199     7.42G    0.0175  0.004604  0.003303    0.0254        14       640    0.9735    0.8693    0.9958    0.8926   0.04282   0.01027    0.0136
   129/199     7.42G   0.01783  0.004712  0.002824   0.02536         4       640    0.9255    0.9037    0.9957    0.8821   0.04278   0.01017   0.01331
   130/199     7.42G   0.01704  0.004704  0.002566   0.02431         3       640    0.9327    0.9039    0.9957    0.8828   0.04522  0.009579   0.01398
   131/199     7.42G   0.01671  0.004684  0.002292   0.02369         5       640    0.9873    0.8667    0.9956    0.8724   0.04525  0.009465   0.01392
   132/199     7.42G   0.01723  0.004652  0.002773   0.02466         8       640    0.7996         1    0.9956    0.8969   0.03834   0.01072   0.01317
   133/199     7.42G   0.01613  0.004496  0.002382   0.02301        22       640    0.9867    0.8659    0.9957    0.8786   0.03707   0.01159   0.01301
   134/199     7.42G   0.01682  0.004366   0.00278   0.02396         3       640    0.9853    0.8681    0.9957    0.8823   0.03694   0.01174   0.01299
   135/199     7.42G   0.01643  0.004701  0.002887   0.02401        14       640    0.9825      0.87    0.9957    0.9152   0.03591   0.01147     0.013
   136/199     7.42G   0.01711  0.004522   0.00318   0.02481         2       640    0.9351     0.904    0.9958    0.9017   0.03625   0.01147   0.01299
   137/199     7.42G   0.01637  0.004535  0.002833   0.02374         1       640    0.9428    0.9039    0.9958    0.9123   0.03761   0.01155   0.01337
   138/199     7.42G   0.01705  0.004249  0.002698     0.024         1       640    0.9393    0.9039    0.9959    0.8963   0.03644   0.01219   0.01344
   139/199     7.42G   0.01584  0.004361  0.002353   0.02255         6       640     0.933    0.9039    0.9959     0.919   0.03618   0.01237   0.01342
   140/199     7.42G   0.01603  0.004822  0.002841   0.02369        10       640    0.9287    0.9039    0.9958     0.901   0.03613    0.0124    0.0132
   141/199     7.42G   0.01546  0.004312   0.00287   0.02264         4       640     0.947    0.8846    0.9958    0.9025   0.03683   0.01218   0.01308
   142/199     7.42G   0.01579  0.004659  0.002508   0.02295        12       640    0.7942         1    0.9958    0.8938    0.0363   0.01226   0.01288
   143/199     7.42G   0.01625  0.004355  0.002692   0.02329         1       640    0.9246    0.9037    0.9958    0.9099   0.03625   0.01216   0.01283
   144/199     7.42G   0.01676  0.004297  0.002793   0.02385         1       640    0.9261    0.9039    0.9958    0.9056   0.03652    0.0122   0.01282
   145/199     7.42G    0.0162  0.004188  0.002298   0.02269         6       640    0.9527    0.8846    0.9959    0.9075   0.03842   0.01182   0.01308
   146/199     7.42G   0.01649  0.004636   0.00247    0.0236         2       640    0.9334    0.9039    0.9959    0.9155   0.03984    0.0113   0.01373
   147/199     7.42G    0.0165  0.004614  0.002587    0.0237         1       640    0.9315    0.9039    0.9959    0.9332    0.0413   0.01075   0.01383
   148/199     7.42G   0.01552  0.004455  0.003034   0.02301         6       640    0.9291    0.9039    0.9959    0.9229   0.04138   0.01065   0.01365
   149/199     7.42G   0.01472  0.004258    0.0023   0.02128         2       640    0.9553    0.8847    0.9959    0.8992   0.04151   0.01064   0.01353
   150/199     7.42G   0.01509  0.004454  0.002303   0.02185         1       640    0.9334    0.9037    0.9958    0.9138    0.0413   0.01063   0.01338
   151/199     7.42G   0.01525  0.004092  0.002057    0.0214         0       640    0.9619    0.8847    0.9958    0.9246   0.04064   0.01069   0.01311
   152/199     7.42G   0.01506  0.004123  0.001993   0.02118         9       640    0.9559    0.8846    0.9958    0.9164   0.04005   0.01075   0.01299
   153/199     7.42G   0.01568  0.004515  0.002508    0.0227         8       640    0.7971         1    0.9958    0.9194   0.03954   0.01108   0.01305
   154/199     7.42G   0.01546  0.003957  0.002505   0.02192         2       640    0.8278         1    0.9959     0.913   0.03934   0.01134    0.0132
   155/199     7.42G   0.01525  0.004074  0.002403   0.02173         2       640    0.8167         1    0.9959     0.911   0.03955   0.01142   0.01338
   156/199     7.42G   0.01485  0.004291  0.002321   0.02146         7       640    0.7996         1    0.9958    0.9175   0.03848   0.01141   0.01321
   157/199     7.42G   0.01456  0.004166  0.001908   0.02064         0       640    0.8165         1    0.9958    0.9137   0.03755   0.01139   0.01275
   158/199     7.42G   0.01493  0.004402  0.002049   0.02139         0       640    0.7875         1    0.9958    0.9225   0.03708   0.01173   0.01263
   159/199     7.42G   0.01523  0.004515  0.002528   0.02228         0       640    0.8098         1    0.9959    0.9357   0.03763   0.01173    0.0127
   160/199     7.42G   0.01463  0.003923  0.001972   0.02052         1       640    0.9605    0.8847    0.9959    0.9433   0.03823   0.01181     0.013
   161/199     7.42G   0.01419  0.004249  0.002168   0.02061         0       640     0.959    0.8846    0.9958    0.9451   0.03894   0.01195   0.01334
   162/199     7.42G   0.01465  0.004103  0.002128   0.02088         8       640    0.8141         1    0.9959    0.9283   0.03919   0.01172   0.01354
   163/199     7.42G   0.01488  0.004312  0.001887   0.02108         9       640    0.8258         1    0.9959     0.939   0.03999   0.01136   0.01372
   164/199     7.42G    0.0147  0.004187  0.001889   0.02077         2       640    0.8252         1    0.9958    0.9327   0.04031   0.01118    0.0135
   165/199     7.42G   0.01406  0.004005  0.002017   0.02009         2       640    0.9405    0.9135    0.9959    0.9319   0.04089   0.01105   0.01368
   166/199     7.42G   0.01527  0.003843  0.001998   0.02111         6       640     0.931    0.9135    0.9959    0.9383   0.04134   0.01113   0.01406
   167/199     7.42G   0.01518   0.00398  0.002475   0.02163         1       640    0.9252    0.9135    0.9959    0.9374    0.0417   0.01141   0.01462
   168/199     7.42G   0.01457  0.004258  0.002094   0.02092         3       640    0.8046         1    0.9959    0.9438   0.04204   0.01148   0.01482
   169/199     7.42G   0.01447  0.004521   0.00231    0.0213         2       640    0.8488         1    0.9959    0.9532   0.04219    0.0115   0.01502
   170/199     7.42G   0.01403  0.004064  0.002057   0.02015         9       640     0.839         1    0.9959    0.9509   0.04281    0.0113   0.01535
   171/199     7.42G   0.01491  0.004234  0.002287   0.02143         2       640    0.7983         1    0.9959    0.9557   0.04257   0.01118   0.01513
   172/199     7.42G   0.01367  0.003698  0.001661   0.01903         1       640    0.9259    0.9135     0.996    0.9257   0.04271   0.01129   0.01495
   173/199     7.42G   0.01546  0.004136  0.002267   0.02186         6       640    0.9276    0.9135    0.9961    0.9332   0.04262   0.01143   0.01477
   174/199     7.42G   0.01433  0.004308  0.002079   0.02072         9       640    0.9306    0.9133     0.996    0.9364   0.04249   0.01142   0.01482
   175/199     7.42G   0.01463   0.00442  0.002213   0.02126        15       640    0.9642    0.8847     0.996    0.9292    0.0426   0.01136   0.01472
   176/199     7.42G   0.01424  0.003849  0.001948   0.02004         6       640    0.9608    0.8847     0.996    0.9261   0.04258   0.01109   0.01448
   177/199     7.42G    0.0143  0.004145   0.00191   0.02035         8       640    0.9352    0.9039     0.996    0.9363   0.04212   0.01111   0.01422
   178/199     7.42G   0.01356  0.004197  0.001782   0.01953         0       640     0.812         1     0.996      0.95    0.0435   0.01083   0.01439
   179/199     7.42G   0.01439  0.004063  0.001718   0.02017         6       640    0.7993         1     0.996    0.9382   0.04328   0.01108   0.01441
   180/199     7.42G   0.01472  0.003954  0.002255   0.02093        14       640    0.9373    0.9039     0.996    0.9521   0.04343   0.01122   0.01452
   181/199     7.42G   0.01328  0.003873  0.001471   0.01863         8       640    0.9382     0.904    0.9959    0.9566   0.04267   0.01126   0.01442
   182/199     7.42G   0.01403  0.003853  0.002059   0.01995         8       640    0.7958         1    0.9959    0.9558   0.04292   0.01116   0.01467
   183/199     7.42G   0.01371  0.003856  0.002024   0.01959         2       640    0.8042         1    0.9959    0.9468    0.0447   0.01065   0.01489
   184/199     7.42G   0.01401  0.003747  0.002017   0.01978         1       640    0.8176         1    0.9959    0.9463   0.04609   0.01012   0.01523
   185/199     7.42G   0.01334  0.003722  0.001587   0.01865         8       640    0.8289         1     0.996    0.9396   0.04626   0.01014   0.01538
   186/199     7.42G   0.01409  0.003682  0.001865   0.01964         2       640    0.8535         1     0.996     0.933   0.04547   0.01041   0.01545
   187/199     7.42G   0.01385  0.004011  0.002127   0.01999         2       640    0.8348         1     0.996    0.9501   0.04483   0.01051   0.01529
   188/199     7.42G   0.01302  0.003707  0.001884   0.01861         2       640    0.8148         1    0.9961    0.9268   0.04517   0.01051   0.01524
   189/199     7.42G   0.01446  0.003504  0.001959   0.01992         4       640    0.9349    0.9132    0.9961    0.9399   0.04486   0.01052   0.01506
   190/199     7.42G   0.01354  0.003953  0.001971   0.01947         3       640    0.7984         1    0.9961    0.9278   0.04394   0.01074   0.01493
   191/199     7.42G   0.01261  0.003942  0.001634   0.01818         5       640    0.8262         1    0.9962    0.9312   0.04359   0.01088   0.01478
   192/199     7.42G   0.01326  0.003495  0.001649    0.0184         7       640    0.8243         1    0.9961    0.9239   0.04376   0.01083   0.01473
   193/199     7.42G   0.01389  0.003944  0.002107   0.01995         2       640      0.83         1    0.9962    0.9239   0.04262   0.01109   0.01451
   194/199     7.42G   0.01418  0.003775  0.002018   0.01997         1       640    0.8222         1    0.9961    0.9435   0.04237   0.01113   0.01461
   195/199     7.42G   0.01344  0.003859   0.00187   0.01917         1       640    0.8438         1     0.996    0.9541   0.04251   0.01107   0.01463
   196/199     7.42G   0.01343  0.003804  0.001785   0.01902         4       640    0.8198         1    0.9961    0.9344   0.04375   0.01092   0.01464
   197/199     7.42G   0.01359  0.003894   0.00174   0.01923         8       640    0.9415    0.9135    0.9961     0.936   0.04361   0.01092   0.01453
   198/199     7.42G   0.01462  0.004136   0.00238   0.02114         7       640    0.9397    0.9135    0.9961    0.9415   0.04337   0.01107   0.01451
   199/199     7.42G   0.01398  0.003665  0.001965   0.01961         2       640    0.9402    0.9135    0.9961    0.9426   0.04327   0.01107   0.01464
